082916,676
082916,677
082916,677
082916,679
082917,680
082917,682
082918,682
082918,682
082918,682
082918,682
082920,689
082920,690
083001,716
083001,716
083001,718
083002,718
083002,718
083002,718
083002,718
083002,718
083002,718
083002,718
083002,718
083002,718
083002,721
083002,721
083002,721
083002,721
083002,721
083003,722
083003,722
083003,722
083003,722
083003,722
083003,722
083003,722
083004,722
083012,731
083012,731
083012,732
083012,732
083012,732
083012,732
083014,735
083015,736
083015,736
083016,736
083016,736
083016,736
083016,738
083016,738
083016,738
083016,738
083016,738
083017,739
083019,746
083020,746
083021,764
083022,781
090118,976
