082916,567
082916,567
082916,568
082916,568
082917,569
082917,570
082918,571
082918,571
082918,571
082918,571
082920,577
082920,577
083001,593
083001,593
083001,593
083002,593
083002,593
083002,593
083002,593
083002,593
083002,593
083002,593
083002,593
083002,593
083002,593
083002,593
083002,593
083002,593
083002,593
083002,593
083003,594
083003,594
083003,594
083003,595
083003,595
083003,595
083003,595
083004,595
083012,616
083012,616
083012,619
083012,619
083012,619
083012,619
083014,619
083015,620
083015,620
083016,621
083016,622
083016,622
083016,622
083016,622
083016,622
083016,622
083016,622
083017,625
083019,629
083020,632
083021,639
083022,650
090118,777
